5 5 #  size of Sigind and CF
#---- Sigind follows
  1    0    0    0    0
  0    2    0    0    0
  0    0    3    0    0
  0    0    0    4    0
  0    0    0    0    5
#---- CF follows
  1.00000000   0.00000000    0.00000000   0.00000000    0.00000000   0.00000000    0.00000000   0.00000000    0.00000000   0.00000000
  0.00000000   0.00000000    0.00000000  -1.00000000    0.00000000   0.00000000    0.00000000   0.00000000    0.00000000   0.00000000
  0.00000000   0.00000000    0.00000000   0.00000000    1.00000000   0.00000000    0.00000000   0.00000000    0.00000000   0.00000000
  0.00000000   0.00000000    0.00000000   0.00000000    0.00000000   0.00000000    0.00000000   1.00000000    0.00000000   0.00000000
  0.00000000   0.00000000    0.00000000   0.00000000    0.00000000   0.00000000    0.00000000   0.00000000    1.00000000   0.00000000
